{
 "cells": [
  {
   "cell_type": "code",
   "execution_count": 1,
   "metadata": {},
   "outputs": [],
   "source": [
    "from oda_api.api import DispatcherAPI\n",
    "from oda_api.plot_tools import OdaImage,OdaLightCurve\n",
    "from oda_api.data_products import BinaryData\n",
    "import os\n",
    "from astropy.io import fits\n",
    "import numpy as np\n",
    "from numpy import sqrt,exp\n",
    "import matplotlib.pyplot as plt\n",
    "%matplotlib inline"
   ]
  },
  {
   "cell_type": "code",
   "execution_count": 2,
   "metadata": {
    "tags": [
     "parameters"
    ]
   },
   "outputs": [],
   "source": [
    "source_name='3C 279'\n",
    "ra=194.046527\n",
    "dec=-5.789314\n",
    "radius=10.\n",
    "Tstart='2003-03-15T00:00:00'\n",
    "Tstop='2018-03-15T00:00:00'\n",
    "host='www.astro.unige.ch/cdci/astrooda/dispatch-data'\n",
    "time_bin=10000\n",
    "Nbibs=16 # number of time bin in the long-term lightcurve\n",
    "E1_keV=30.\n",
    "E2_keV=100."
   ]
  },
  {
   "cell_type": "code",
   "execution_count": 3,
   "metadata": {},
   "outputs": [
    {
     "name": "stdout",
     "output_type": "stream",
     "text": [
      "\n"
     ]
    }
   ],
   "source": [
    "try: input = raw_input\n",
    "except NameError: pass\n",
    "token=input() # token for restricted access server\n",
    "cookies=dict(_oauth2_proxy=token)\n",
    "disp=DispatcherAPI(host=host)"
   ]
  },
  {
   "cell_type": "code",
   "execution_count": 4,
   "metadata": {},
   "outputs": [],
   "source": [
    "disp=DispatcherAPI(host=host)"
   ]
  },
  {
   "cell_type": "code",
   "execution_count": 5,
   "metadata": {},
   "outputs": [],
   "source": [
    "import requests\n",
    "url=\"https://www.astro.unige.ch/cdci/astrooda/dispatch-data/gw/timesystem/api/v1.0/scwlist/cons/\"\n",
    "def queryxtime(**args):\n",
    "    params=Tstart+'/'+Tstop+'?&ra='+str(ra)+'&dec='+str(dec)+'&radius='+str(radius)+'&min_good_isgri=1000'\n",
    "    print(url+params)\n",
    "    return requests.get(url+params,cookies=cookies).json()"
   ]
  },
  {
   "cell_type": "code",
   "execution_count": 6,
   "metadata": {},
   "outputs": [
    {
     "name": "stdout",
     "output_type": "stream",
     "text": [
      "https://www.astro.unige.ch/cdci/astrooda/dispatch-data/gw/timesystem/api/v1.0/scwlist/cons/2003-03-15T00:00:00/2018-03-15T00:00:00?&ra=194.046527&dec=-5.789314&radius=10.0&min_good_isgri=1000\n"
     ]
    }
   ],
   "source": [
    "scwlist=queryxtime()\n",
    "m=len(scwlist)\n",
    "pointings_osa10=[]\n",
    "pointings_osa11=[]\n",
    "for i in range(m):\n",
    "    if scwlist[i][-2:]=='10':\n",
    "        if(int(scwlist[i][:4])<1626):\n",
    "            pointings_osa10.append(scwlist[i]+'.001')\n",
    "        else:\n",
    "            pointings_osa11.append(scwlist[i]+'.001')\n",
    "#else:\n",
    "#    pointings=np.genfromtxt('scws_3C279_isgri_10deg.txt', dtype='str')\n",
    "m_osa10=len(pointings_osa10)\n",
    "m_osa11=len(pointings_osa11)"
   ]
  },
  {
   "cell_type": "code",
   "execution_count": 7,
   "metadata": {},
   "outputs": [
    {
     "name": "stdout",
     "output_type": "stream",
     "text": [
      "22\n",
      "2\n"
     ]
    }
   ],
   "source": [
    "scw_lists_osa10=[]\n",
    "scw_lists_osa11=[]\n",
    "count=0\n",
    "scw_string=''\n",
    "for i in range(m_osa10):\n",
    "    if count<50:\n",
    "        scw_string=scw_string+str(pointings_osa10[i])+','\n",
    "        count+=1\n",
    "    else:\n",
    "        scw_lists_osa10.append(scw_string[:-1])\n",
    "        count=0\n",
    "        scw_string=str(pointings_osa10[i])+','\n",
    "scw_lists_osa10.append(scw_string[:-1])\n",
    "print(len(scw_lists_osa10))\n",
    "count=0\n",
    "scw_string=''\n",
    "for i in range(m_osa11):\n",
    "    if count<50:\n",
    "        scw_string=scw_string+str(pointings_osa11[i])+','\n",
    "        count+=1\n",
    "    else:\n",
    "        scw_lists_osa11.append(scw_string[:-1])\n",
    "        count=0\n",
    "        scw_string=str(pointings_osa11[i])+','\n",
    "scw_lists_osa11.append(scw_string[:-1])\n",
    "print(len(scw_lists_osa11))"
   ]
  },
  {
   "cell_type": "code",
   "execution_count": 8,
   "metadata": {},
   "outputs": [
    {
     "name": "stdout",
     "output_type": "stream",
     "text": [
      "123500420010.001,123500430010.001,123600270010.001,123600280010.001,123600350010.001,123600360010.001,123600370010.001,124200040010.001,124200120010.001,124200130010.001,124200140010.001,124200530010.001,124200540010.001,124200620010.001,124200630010.001,124200640010.001,124300540010.001,137000590010.001,137000600010.001,138200600010.001,138200610010.001,149000230010.001,149000240010.001,149700080010.001,149800050010.001,149800550010.001,149800560010.001,150000430010.001,150000440010.001,155000180010.001,155300170010.001,155300210010.001,155300300010.001,156300540010.001,156300550010.001,156300610010.001,156300620010.001,156300630010.001,156300640010.001,156300650010.001,156300660010.001,156300670010.001,156400030010.001,156400040010.001,156400050010.001,156400060010.001,156400070010.001,156400080010.001,156400140010.001,156400150010.001,156500330010.001,156500340010.001,156600370010.001,156600380010.001\n"
     ]
    }
   ],
   "source": [
    "print(scw_lists_osa10[20]+','+scw_lists_osa10[21])"
   ]
  },
  {
   "cell_type": "code",
   "execution_count": 9,
   "metadata": {},
   "outputs": [
    {
     "name": "stdout",
     "output_type": "stream",
     "text": [
      "007700160010.001,007700170010.001,007700180010.001,007700190010.001,007700200010.001,007700210010.001,007700220010.001,007700230010.001,007700240010.001,007700250010.001,007700260010.001,007700270010.001,007700280010.001,007700290010.001,007700300010.001,007700310010.001,007700320010.001,007700330010.001,007700340010.001,007700350010.001,007700360010.001,007700370010.001,007700380010.001,007700390010.001,007700400010.001,007700410010.001,007700460010.001,007700470010.001,007700480010.001,007700490010.001,007700500010.001,007700510010.001,007700520010.001,007700530010.001,007700540010.001,007700550010.001,007700560010.001,007700570010.001,007700580010.001,007700590010.001,007700600010.001,007700660010.001,007700670010.001,007800020010.001,007800030010.001,007800040010.001,007800050010.001,007800060010.001,007800070010.001,007800080010.001\n",
      "- waiting for remote response, please wait run_analysis https://www.astro.unige.ch/cdci/astrooda/dispatch-data\n",
      "scw_list 007700160010.001,007700170010.001,007700180010.001,007700190010.001,007700200010.001,007700210010.001,007700220010.001,007700230010.001,007700240010.001,007700250010.001,007700260010.001,007700270010.001,007700280010.001,007700290010.001,007700300010.001,007700310010.001,007700320010.001,007700330010.001,007700340010.001,007700350010.001,007700360010.001,007700370010.001,007700380010.001,007700390010.001,007700400010.001,007700410010.001,007700460010.001,007700470010.001,007700480010.001,007700490010.001,007700500010.001,007700510010.001,007700520010.001,007700530010.001,007700540010.001,007700550010.001,007700560010.001,007700570010.001,007700580010.001,007700590010.001,007700600010.001,007700660010.001,007700670010.001,007800020010.001,007800030010.001,007800040010.001,007800050010.001,007800060010.001,007800070010.001,007800080010.001\n",
      "E1_keV 30.0\n",
      "E2_keV 100.0\n",
      "osa_version OSA10.2\n",
      "RA 194.046527\n",
      "DEC -5.789314\n",
      "detection_threshold 3.5\n",
      "instrument isgri\n",
      "product_type isgri_image\n",
      "query_type Real\n",
      "off_line (False,)\n",
      "query_status ('new',)\n",
      "verbose (False,)\n",
      "session_id DZH85WD7VC4DMAG3\n",
      "dry_run (False,)\n",
      "api True\n",
      "the job has been submitted on the remote server\n",
      " | the job is working remotely, please wait status=done - job_id=4051608486752970752 \n",
      "\n",
      "query done succesfully!\n"
     ]
    }
   ],
   "source": [
    "data=disp.get_product(instrument='isgri',\n",
    "                      product='isgri_image',\n",
    "                      scw_list=scw_lists_osa10[0],\n",
    "                      E1_keV=E1_keV,\n",
    "                      E2_keV=E2_keV,\n",
    "                      osa_version='OSA10.2',\n",
    "                      RA=ra,\n",
    "                      DEC=dec,\n",
    "                      detection_threshold=3.5,\n",
    "                      product_type='Real')"
   ]
  },
  {
   "cell_type": "code",
   "execution_count": 10,
   "metadata": {
    "scrolled": true
   },
   "outputs": [
    {
     "data": {
      "text/html": [
       "<i>Table length=4</i>\n",
       "<table id=\"table4739190736\" class=\"table-striped table-bordered table-condensed\">\n",
       "<thead><tr><th>meta_ID</th><th>src_names</th><th>significance</th><th>ra</th><th>dec</th><th>NEW_SOURCE</th><th>ISGRI_FLAG</th><th>FLAG</th><th>ERR_RAD</th></tr></thead>\n",
       "<thead><tr><th></th><th></th><th></th><th>deg</th><th>deg</th><th></th><th></th><th></th><th></th></tr></thead>\n",
       "<thead><tr><th>int64</th><th>str18</th><th>float64</th><th>float64</th><th>float64</th><th>int64</th><th>int64</th><th>int64</th><th>float64</th></tr></thead>\n",
       "<tr><td>1</td><td>3C 273</td><td>12.098819732666016</td><td>187.2660675048828</td><td>2.045917510986328</td><td>-32768</td><td>2</td><td>0</td><td>0.0002800000074785203</td></tr>\n",
       "<tr><td>30</td><td>IGR J12391-1612</td><td>4.082015037536621</td><td>189.77621459960938</td><td>-16.179750442504883</td><td>-32768</td><td>2</td><td>0</td><td>0.00016999999934341758</td></tr>\n",
       "<tr><td>50</td><td>NGC 4593</td><td>13.66150951385498</td><td>189.91522216796875</td><td>-5.358253479003906</td><td>-32768</td><td>2</td><td>0</td><td>0.0002800000074785203</td></tr>\n",
       "<tr><td>112</td><td>SWIFT J1238.6+0928</td><td>4.295688629150391</td><td>189.67724609375</td><td>9.474955558776855</td><td>-32768</td><td>1</td><td>0</td><td>0.07566666603088379</td></tr>\n",
       "</table>"
      ],
      "text/plain": [
       "<Table length=4>\n",
       "meta_ID     src_names         significance    ...  FLAG        ERR_RAD        \n",
       "                                              ...                             \n",
       " int64        str18             float64       ... int64        float64        \n",
       "------- ------------------ ------------------ ... ----- ----------------------\n",
       "      1             3C 273 12.098819732666016 ...     0  0.0002800000074785203\n",
       "     30    IGR J12391-1612  4.082015037536621 ...     0 0.00016999999934341758\n",
       "     50           NGC 4593  13.66150951385498 ...     0  0.0002800000074785203\n",
       "    112 SWIFT J1238.6+0928  4.295688629150391 ...     0    0.07566666603088379"
      ]
     },
     "execution_count": 10,
     "metadata": {},
     "output_type": "execute_result"
    }
   ],
   "source": [
    "data.dispatcher_catalog_1.table"
   ]
  },
  {
   "cell_type": "code",
   "execution_count": 11,
   "metadata": {},
   "outputs": [],
   "source": [
    "FLAG=0\n",
    "torm=[]\n",
    "for ID,n in enumerate(data.dispatcher_catalog_1.table['src_names']):\n",
    "    if(n[0:2]=='NEW'):\n",
    "        torm.append(ID)\n",
    "    if(n==source_name):\n",
    "        FLAG=1\n",
    "data.dispatcher_catalog_1.table.remove_rows(torm)\n",
    "nrows=len(data.dispatcher_catalog_1.table['src_names'])"
   ]
  },
  {
   "cell_type": "code",
   "execution_count": 12,
   "metadata": {},
   "outputs": [
    {
     "data": {
      "text/html": [
       "<i>Table length=5</i>\n",
       "<table id=\"table4739190736\" class=\"table-striped table-bordered table-condensed\">\n",
       "<thead><tr><th>meta_ID</th><th>src_names</th><th>significance</th><th>ra</th><th>dec</th><th>NEW_SOURCE</th><th>ISGRI_FLAG</th><th>FLAG</th><th>ERR_RAD</th></tr></thead>\n",
       "<thead><tr><th></th><th></th><th></th><th>deg</th><th>deg</th><th></th><th></th><th></th><th></th></tr></thead>\n",
       "<thead><tr><th>int64</th><th>str18</th><th>float64</th><th>float64</th><th>float64</th><th>int64</th><th>int64</th><th>int64</th><th>float64</th></tr></thead>\n",
       "<tr><td>1</td><td>3C 273</td><td>12.098819732666016</td><td>187.2660675048828</td><td>2.045917510986328</td><td>-32768</td><td>2</td><td>0</td><td>0.0002800000074785203</td></tr>\n",
       "<tr><td>30</td><td>IGR J12391-1612</td><td>4.082015037536621</td><td>189.77621459960938</td><td>-16.179750442504883</td><td>-32768</td><td>2</td><td>0</td><td>0.00016999999934341758</td></tr>\n",
       "<tr><td>50</td><td>NGC 4593</td><td>13.66150951385498</td><td>189.91522216796875</td><td>-5.358253479003906</td><td>-32768</td><td>2</td><td>0</td><td>0.0002800000074785203</td></tr>\n",
       "<tr><td>112</td><td>SWIFT J1238.6+0928</td><td>4.295688629150391</td><td>189.67724609375</td><td>9.474955558776855</td><td>-32768</td><td>1</td><td>0</td><td>0.07566666603088379</td></tr>\n",
       "<tr><td>0</td><td>3C 279</td><td>0.0</td><td>194.046527</td><td>-5.789314</td><td>0</td><td>2</td><td>0</td><td>0.0</td></tr>\n",
       "</table>"
      ],
      "text/plain": [
       "<Table length=5>\n",
       "meta_ID     src_names         significance    ...  FLAG        ERR_RAD        \n",
       "                                              ...                             \n",
       " int64        str18             float64       ... int64        float64        \n",
       "------- ------------------ ------------------ ... ----- ----------------------\n",
       "      1             3C 273 12.098819732666016 ...     0  0.0002800000074785203\n",
       "     30    IGR J12391-1612  4.082015037536621 ...     0 0.00016999999934341758\n",
       "     50           NGC 4593  13.66150951385498 ...     0  0.0002800000074785203\n",
       "    112 SWIFT J1238.6+0928  4.295688629150391 ...     0    0.07566666603088379\n",
       "      0             3C 279                0.0 ...     0                    0.0"
      ]
     },
     "execution_count": 12,
     "metadata": {},
     "output_type": "execute_result"
    }
   ],
   "source": [
    "if FLAG==0:\n",
    "    data.dispatcher_catalog_1.table.add_row()\n",
    "    data.dispatcher_catalog_1.table['src_names'][nrows]='3C 279'\n",
    "    data.dispatcher_catalog_1.table['ra'][nrows]=ra\n",
    "data.dispatcher_catalog_1.table['dec'][nrows]=dec\n",
    "data.dispatcher_catalog_1.table['ISGRI_FLAG'][nrows]=2\n",
    "\n",
    "data.dispatcher_catalog_1.table\n"
   ]
  },
  {
   "cell_type": "code",
   "execution_count": 13,
   "metadata": {},
   "outputs": [],
   "source": [
    "api_cat=data.dispatcher_catalog_1.get_api_dictionary()"
   ]
  },
  {
   "cell_type": "code",
   "execution_count": 16,
   "metadata": {
    "scrolled": false
   },
   "outputs": [
    {
     "name": "stdout",
     "output_type": "stream",
     "text": [
      "0\n",
      "007700160010.001,007700170010.001,007700180010.001,007700190010.001,007700200010.001,007700210010.001,007700220010.001,007700230010.001,007700240010.001,007700250010.001,007700260010.001,007700270010.001,007700280010.001,007700290010.001,007700300010.001,007700310010.001,007700320010.001,007700330010.001,007700340010.001,007700350010.001,007700360010.001,007700370010.001,007700380010.001,007700390010.001,007700400010.001,007700410010.001,007700460010.001,007700470010.001,007700480010.001,007700490010.001,007700500010.001,007700510010.001,007700520010.001,007700530010.001,007700540010.001,007700550010.001,007700560010.001,007700570010.001,007700580010.001,007700590010.001,007700600010.001,007700660010.001,007700670010.001,007800020010.001,007800030010.001,007800040010.001,007800050010.001,007800060010.001,007800070010.001,007800080010.001\n",
      "- waiting for remote response, please wait run_analysis https://www.astro.unige.ch/cdci/astrooda/dispatch-data\n",
      "scw_list 007700160010.001,007700170010.001,007700180010.001,007700190010.001,007700200010.001,007700210010.001,007700220010.001,007700230010.001,007700240010.001,007700250010.001,007700260010.001,007700270010.001,007700280010.001,007700290010.001,007700300010.001,007700310010.001,007700320010.001,007700330010.001,007700340010.001,007700350010.001,007700360010.001,007700370010.001,007700380010.001,007700390010.001,007700400010.001,007700410010.001,007700460010.001,007700470010.001,007700480010.001,007700490010.001,007700500010.001,007700510010.001,007700520010.001,007700530010.001,007700540010.001,007700550010.001,007700560010.001,007700570010.001,007700580010.001,007700590010.001,007700600010.001,007700660010.001,007700670010.001,007800020010.001,007800030010.001,007800040010.001,007800050010.001,007800060010.001,007800070010.001,007800080010.001\n",
      "E1_keV 30.0\n",
      "E2_keV 100.0\n",
      "osa_version OSA10.2\n",
      "RA 194.046527\n",
      "DEC -5.789314\n",
      "time_bin 10000\n",
      "selected_catalog {\"cat_frame\": \"fk5\", \"cat_coord_units\": \"deg\", \"cat_column_list\": [[1, 30, 50, 112, 0], [\"3C 273\", \"IGR J12391-1612\", \"NGC 4593\", \"SWIFT J1238.6+0928\", \"3C 279\"], [12.098819732666016, 4.082015037536621, 13.66150951385498, 4.295688629150391, 0.0], [187.2660675048828, 189.77621459960938, 189.91522216796875, 189.67724609375, 194.046527], [2.045917510986328, -16.179750442504883, -5.358253479003906, 9.474955558776855, -5.789314], [-32768, -32768, -32768, -32768, 0], [2, 2, 2, 1, 2], [0, 0, 0, 0, 0], [0.0002800000074785203, 0.00016999999934341758, 0.0002800000074785203, 0.07566666603088379, 0.0]], \"cat_column_names\": [\"meta_ID\", \"src_names\", \"significance\", \"ra\", \"dec\", \"NEW_SOURCE\", \"ISGRI_FLAG\", \"FLAG\", \"ERR_RAD\"], \"cat_column_descr\": [[\"meta_ID\", \"<i8\"], [\"src_names\", \"<U18\"], [\"significance\", \"<f8\"], [\"ra\", \"<f8\"], [\"dec\", \"<f8\"], [\"NEW_SOURCE\", \"<i8\"], [\"ISGRI_FLAG\", \"<i8\"], [\"FLAG\", \"<i8\"], [\"ERR_RAD\", \"<f8\"]], \"cat_lat_name\": \"dec\", \"cat_lon_name\": \"ra\"}\n",
      "instrument isgri\n",
      "product_type isgri_lc\n",
      "query_type Real\n",
      "off_line (False,)\n",
      "query_status ('new',)\n",
      "verbose (False,)\n",
      "session_id 1368JJA6YTDAXVZF\n",
      "dry_run (False,)\n",
      "api True\n",
      "\n",
      "\n",
      "query done succesfully!\n",
      "1\n",
      "007800090010.001,007800100010.001,007800110010.001,007800120010.001,007800130010.001,007800140010.001,007800150010.001,007800160010.001,007800170010.001,007800180010.001,007800190010.001,007800200010.001,007800210010.001,007800220010.001,007800230010.001,007800240010.001,007800250010.001,007800260010.001,007800270010.001,007800280010.001,007800290010.001,007800300010.001,007800310010.001,007800320010.001,007800330010.001,007800340010.001,007800350010.001,007800360010.001,007800370010.001,007800380010.001,007800390010.001,007800400010.001,007800410010.001,007800420010.001,007800430010.001,007800440010.001,007800450010.001,007800460010.001,008900050010.001,008900060010.001,008900070010.001,008900080010.001,008900110010.001,008900120010.001,008900130010.001,008900140010.001,008900150010.001,008900160010.001,008900170010.001,008900230010.001,008900240010.001\n",
      "- waiting for remote response, please wait run_analysis https://www.astro.unige.ch/cdci/astrooda/dispatch-data\n",
      "scw_list 007800090010.001,007800100010.001,007800110010.001,007800120010.001,007800130010.001,007800140010.001,007800150010.001,007800160010.001,007800170010.001,007800180010.001,007800190010.001,007800200010.001,007800210010.001,007800220010.001,007800230010.001,007800240010.001,007800250010.001,007800260010.001,007800270010.001,007800280010.001,007800290010.001,007800300010.001,007800310010.001,007800320010.001,007800330010.001,007800340010.001,007800350010.001,007800360010.001,007800370010.001,007800380010.001,007800390010.001,007800400010.001,007800410010.001,007800420010.001,007800430010.001,007800440010.001,007800450010.001,007800460010.001,008900050010.001,008900060010.001,008900070010.001,008900080010.001,008900110010.001,008900120010.001,008900130010.001,008900140010.001,008900150010.001,008900160010.001,008900170010.001,008900230010.001,008900240010.001\n",
      "E1_keV 30.0\n",
      "E2_keV 100.0\n",
      "osa_version OSA10.2\n",
      "RA 194.046527\n",
      "DEC -5.789314\n",
      "time_bin 10000\n",
      "selected_catalog {\"cat_frame\": \"fk5\", \"cat_coord_units\": \"deg\", \"cat_column_list\": [[1, 30, 50, 112, 0], [\"3C 273\", \"IGR J12391-1612\", \"NGC 4593\", \"SWIFT J1238.6+0928\", \"3C 279\"], [12.098819732666016, 4.082015037536621, 13.66150951385498, 4.295688629150391, 0.0], [187.2660675048828, 189.77621459960938, 189.91522216796875, 189.67724609375, 194.046527], [2.045917510986328, -16.179750442504883, -5.358253479003906, 9.474955558776855, -5.789314], [-32768, -32768, -32768, -32768, 0], [2, 2, 2, 1, 2], [0, 0, 0, 0, 0], [0.0002800000074785203, 0.00016999999934341758, 0.0002800000074785203, 0.07566666603088379, 0.0]], \"cat_column_names\": [\"meta_ID\", \"src_names\", \"significance\", \"ra\", \"dec\", \"NEW_SOURCE\", \"ISGRI_FLAG\", \"FLAG\", \"ERR_RAD\"], \"cat_column_descr\": [[\"meta_ID\", \"<i8\"], [\"src_names\", \"<U18\"], [\"significance\", \"<f8\"], [\"ra\", \"<f8\"], [\"dec\", \"<f8\"], [\"NEW_SOURCE\", \"<i8\"], [\"ISGRI_FLAG\", \"<i8\"], [\"FLAG\", \"<i8\"], [\"ERR_RAD\", \"<f8\"]], \"cat_lat_name\": \"dec\", \"cat_lon_name\": \"ra\"}\n",
      "instrument isgri\n",
      "product_type isgri_lc\n",
      "query_type Real\n",
      "off_line (False,)\n",
      "query_status ('new',)\n",
      "verbose (False,)\n",
      "session_id IJSR3KMGZ6AEC4AW\n",
      "dry_run (False,)\n",
      "api True\n",
      "the job has been submitted on the remote server\n",
      " / the job is working remotely, please wait status=done - job_id=-4855921077453971386 \n",
      "\n",
      "query done succesfully!\n",
      "2\n",
      "008900250010.001,008900330010.001,008900420010.001,008900430010.001,008900440010.001,008900450010.001,008900460010.001,008900470010.001,008900500010.001,008900510010.001,008900520010.001,008900530010.001,008900540010.001,008900550010.001,008900560010.001,008900570010.001,008900580010.001,008900590010.001,009000010010.001,009000020010.001,009000030010.001,009000040010.001,009000050010.001,009000110010.001,009000120010.001,009000130010.001,020700040010.001,020700050010.001,020700060010.001,020700070010.001,020700110010.001,020700120010.001,020700130010.001,020700140010.001,020700150010.001,020700410010.001,020700420010.001,020700430010.001,020700440010.001,020700450010.001,020700490010.001,020700500010.001,020700510010.001,020700520010.001,020700530010.001,020700540010.001,022600650010.001,026700000110.001,026700020010.001,026700030010.001,026700040010.001\n",
      "- waiting for remote response, please wait run_analysis https://www.astro.unige.ch/cdci/astrooda/dispatch-data\n",
      "scw_list 008900250010.001,008900330010.001,008900420010.001,008900430010.001,008900440010.001,008900450010.001,008900460010.001,008900470010.001,008900500010.001,008900510010.001,008900520010.001,008900530010.001,008900540010.001,008900550010.001,008900560010.001,008900570010.001,008900580010.001,008900590010.001,009000010010.001,009000020010.001,009000030010.001,009000040010.001,009000050010.001,009000110010.001,009000120010.001,009000130010.001,020700040010.001,020700050010.001,020700060010.001,020700070010.001,020700110010.001,020700120010.001,020700130010.001,020700140010.001,020700150010.001,020700410010.001,020700420010.001,020700430010.001,020700440010.001,020700450010.001,020700490010.001,020700500010.001,020700510010.001,020700520010.001,020700530010.001,020700540010.001,022600650010.001,026700000110.001,026700020010.001,026700030010.001,026700040010.001\n",
      "E1_keV 30.0\n",
      "E2_keV 100.0\n",
      "osa_version OSA10.2\n",
      "RA 194.046527\n",
      "DEC -5.789314\n",
      "time_bin 10000\n",
      "selected_catalog {\"cat_frame\": \"fk5\", \"cat_coord_units\": \"deg\", \"cat_column_list\": [[1, 30, 50, 112, 0], [\"3C 273\", \"IGR J12391-1612\", \"NGC 4593\", \"SWIFT J1238.6+0928\", \"3C 279\"], [12.098819732666016, 4.082015037536621, 13.66150951385498, 4.295688629150391, 0.0], [187.2660675048828, 189.77621459960938, 189.91522216796875, 189.67724609375, 194.046527], [2.045917510986328, -16.179750442504883, -5.358253479003906, 9.474955558776855, -5.789314], [-32768, -32768, -32768, -32768, 0], [2, 2, 2, 1, 2], [0, 0, 0, 0, 0], [0.0002800000074785203, 0.00016999999934341758, 0.0002800000074785203, 0.07566666603088379, 0.0]], \"cat_column_names\": [\"meta_ID\", \"src_names\", \"significance\", \"ra\", \"dec\", \"NEW_SOURCE\", \"ISGRI_FLAG\", \"FLAG\", \"ERR_RAD\"], \"cat_column_descr\": [[\"meta_ID\", \"<i8\"], [\"src_names\", \"<U18\"], [\"significance\", \"<f8\"], [\"ra\", \"<f8\"], [\"dec\", \"<f8\"], [\"NEW_SOURCE\", \"<i8\"], [\"ISGRI_FLAG\", \"<i8\"], [\"FLAG\", \"<i8\"], [\"ERR_RAD\", \"<f8\"]], \"cat_lat_name\": \"dec\", \"cat_lon_name\": \"ra\"}\n",
      "instrument isgri\n",
      "product_type isgri_lc\n",
      "query_type Real\n",
      "off_line (False,)\n",
      "query_status ('new',)\n",
      "verbose (False,)\n",
      "session_id 3NE5TQI4EC4DXVIW\n",
      "dry_run (False,)\n",
      "api True\n"
     ]
    },
    {
     "name": "stdout",
     "output_type": "stream",
     "text": [
      "the job has been submitted on the remote server\n",
      " \\ the job is working remotely, please wait status=done - job_id=-2686916992018552809 2809 \n",
      "\n",
      "query done succesfully!\n",
      "3\n",
      "026700050010.001,026700090010.001,026700100010.001,026700110010.001,026700120010.001,026700130010.001,026700320010.001,026700390010.001,026700400010.001,026700410010.001,026700420010.001,026700430010.001,026700440010.001,026700480010.001,026700490010.001,026700500010.001,026700510010.001,026800180010.001,026800190010.001,026800200010.001,026800240010.001,026800250010.001,026800260010.001,026800270010.001,026800280010.001,026800470010.001,026800540010.001,026800550010.001,026800560010.001,026800570010.001,026800580010.001,026800590010.001,026800630010.001,026800640010.001,026800650010.001,026800660010.001,027000020010.001,027000030010.001,027000040010.001,027000050010.001,027000090010.001,027000100010.001,027000110010.001,027000120010.001,027000130010.001,027000320010.001,027000390010.001,027000400010.001,027000410010.001,027000420010.001,027000430010.001\n",
      "- waiting for remote response, please wait run_analysis https://www.astro.unige.ch/cdci/astrooda/dispatch-data\n",
      "scw_list 026700050010.001,026700090010.001,026700100010.001,026700110010.001,026700120010.001,026700130010.001,026700320010.001,026700390010.001,026700400010.001,026700410010.001,026700420010.001,026700430010.001,026700440010.001,026700480010.001,026700490010.001,026700500010.001,026700510010.001,026800180010.001,026800190010.001,026800200010.001,026800240010.001,026800250010.001,026800260010.001,026800270010.001,026800280010.001,026800470010.001,026800540010.001,026800550010.001,026800560010.001,026800570010.001,026800580010.001,026800590010.001,026800630010.001,026800640010.001,026800650010.001,026800660010.001,027000020010.001,027000030010.001,027000040010.001,027000050010.001,027000090010.001,027000100010.001,027000110010.001,027000120010.001,027000130010.001,027000320010.001,027000390010.001,027000400010.001,027000410010.001,027000420010.001,027000430010.001\n",
      "E1_keV 30.0\n",
      "E2_keV 100.0\n",
      "osa_version OSA10.2\n",
      "RA 194.046527\n",
      "DEC -5.789314\n",
      "time_bin 10000\n",
      "selected_catalog {\"cat_frame\": \"fk5\", \"cat_coord_units\": \"deg\", \"cat_column_list\": [[1, 30, 50, 112, 0], [\"3C 273\", \"IGR J12391-1612\", \"NGC 4593\", \"SWIFT J1238.6+0928\", \"3C 279\"], [12.098819732666016, 4.082015037536621, 13.66150951385498, 4.295688629150391, 0.0], [187.2660675048828, 189.77621459960938, 189.91522216796875, 189.67724609375, 194.046527], [2.045917510986328, -16.179750442504883, -5.358253479003906, 9.474955558776855, -5.789314], [-32768, -32768, -32768, -32768, 0], [2, 2, 2, 1, 2], [0, 0, 0, 0, 0], [0.0002800000074785203, 0.00016999999934341758, 0.0002800000074785203, 0.07566666603088379, 0.0]], \"cat_column_names\": [\"meta_ID\", \"src_names\", \"significance\", \"ra\", \"dec\", \"NEW_SOURCE\", \"ISGRI_FLAG\", \"FLAG\", \"ERR_RAD\"], \"cat_column_descr\": [[\"meta_ID\", \"<i8\"], [\"src_names\", \"<U18\"], [\"significance\", \"<f8\"], [\"ra\", \"<f8\"], [\"dec\", \"<f8\"], [\"NEW_SOURCE\", \"<i8\"], [\"ISGRI_FLAG\", \"<i8\"], [\"FLAG\", \"<i8\"], [\"ERR_RAD\", \"<f8\"]], \"cat_lat_name\": \"dec\", \"cat_lon_name\": \"ra\"}\n",
      "instrument isgri\n",
      "product_type isgri_lc\n",
      "query_type Real\n",
      "off_line (False,)\n",
      "query_status ('new',)\n",
      "verbose (False,)\n",
      "session_id I1O6HOMPCZ4DGMEZ\n",
      "dry_run (False,)\n",
      "api True\n",
      "the job has been submitted on the remote server\n",
      " | the job is working remotely, please wait status=done - job_id=6178370291193134512 \n",
      "\n",
      "query done succesfully!\n",
      "4\n",
      "027000440010.001,027000480010.001,027000490010.001,027000500010.001,027000510010.001,027200130010.001,027200320010.001,027200390010.001,027200400010.001,027200410010.001,027200420010.001,027200430010.001,027200440010.001,027200480010.001,027200490010.001,027200500010.001,027200510010.001,027300020010.001,027300030010.001,027300040010.001,027300050010.001,027300090010.001,027300100010.001,027300110010.001,027300120010.001,027300130010.001,027300320010.001,027300390010.001,027300400010.001,027300410010.001,027300420010.001,027300430010.001,027300440010.001,027300480010.001,027300490010.001,027300500010.001,027300510010.001,032000220010.001,032000230010.001,032000240010.001,032000250010.001,032000260010.001,032000270010.001,032000280010.001,032000290010.001,032000300010.001,032000310010.001,032000320010.001,032000330010.001,032000340010.001,032000480010.001\n",
      "- waiting for remote response, please wait run_analysis https://www.astro.unige.ch/cdci/astrooda/dispatch-data\n",
      "scw_list 027000440010.001,027000480010.001,027000490010.001,027000500010.001,027000510010.001,027200130010.001,027200320010.001,027200390010.001,027200400010.001,027200410010.001,027200420010.001,027200430010.001,027200440010.001,027200480010.001,027200490010.001,027200500010.001,027200510010.001,027300020010.001,027300030010.001,027300040010.001,027300050010.001,027300090010.001,027300100010.001,027300110010.001,027300120010.001,027300130010.001,027300320010.001,027300390010.001,027300400010.001,027300410010.001,027300420010.001,027300430010.001,027300440010.001,027300480010.001,027300490010.001,027300500010.001,027300510010.001,032000220010.001,032000230010.001,032000240010.001,032000250010.001,032000260010.001,032000270010.001,032000280010.001,032000290010.001,032000300010.001,032000310010.001,032000320010.001,032000330010.001,032000340010.001,032000480010.001\n",
      "E1_keV 30.0\n",
      "E2_keV 100.0\n",
      "osa_version OSA10.2\n",
      "RA 194.046527\n",
      "DEC -5.789314\n",
      "time_bin 10000\n",
      "selected_catalog {\"cat_frame\": \"fk5\", \"cat_coord_units\": \"deg\", \"cat_column_list\": [[1, 30, 50, 112, 0], [\"3C 273\", \"IGR J12391-1612\", \"NGC 4593\", \"SWIFT J1238.6+0928\", \"3C 279\"], [12.098819732666016, 4.082015037536621, 13.66150951385498, 4.295688629150391, 0.0], [187.2660675048828, 189.77621459960938, 189.91522216796875, 189.67724609375, 194.046527], [2.045917510986328, -16.179750442504883, -5.358253479003906, 9.474955558776855, -5.789314], [-32768, -32768, -32768, -32768, 0], [2, 2, 2, 1, 2], [0, 0, 0, 0, 0], [0.0002800000074785203, 0.00016999999934341758, 0.0002800000074785203, 0.07566666603088379, 0.0]], \"cat_column_names\": [\"meta_ID\", \"src_names\", \"significance\", \"ra\", \"dec\", \"NEW_SOURCE\", \"ISGRI_FLAG\", \"FLAG\", \"ERR_RAD\"], \"cat_column_descr\": [[\"meta_ID\", \"<i8\"], [\"src_names\", \"<U18\"], [\"significance\", \"<f8\"], [\"ra\", \"<f8\"], [\"dec\", \"<f8\"], [\"NEW_SOURCE\", \"<i8\"], [\"ISGRI_FLAG\", \"<i8\"], [\"FLAG\", \"<i8\"], [\"ERR_RAD\", \"<f8\"]], \"cat_lat_name\": \"dec\", \"cat_lon_name\": \"ra\"}\n",
      "instrument isgri\n",
      "product_type isgri_lc\n",
      "query_type Real\n",
      "off_line (False,)\n",
      "query_status ('new',)\n",
      "verbose (False,)\n",
      "session_id 8VC7MQ2KNMFJ8OOT\n",
      "dry_run (False,)\n",
      "api True\n",
      "the job has been submitted on the remote server\n",
      " - the job is working remotely, please wait status=done - job_id=-4112996149854097519 7519 \n",
      "\n",
      "query done succesfully!\n",
      "5\n",
      "032000490010.001,032000500010.001,032000510010.001,032000520010.001,032000530010.001,032000540010.001,032000550010.001,032000560010.001,032100010010.001,032100020010.001,032100030010.001,032100040010.001,032100050010.001,032100060010.001,032100070010.001,032100080010.001,032100090010.001,032100100010.001,032100230010.001,032100240010.001,032100250010.001,032100260010.001,032100270010.001,032100280010.001,032100290010.001,032100300010.001,032100310010.001,032100320010.001,032100330010.001,032100340010.001,032100350010.001,032100470010.001,032100480010.001,032100490010.001,032100500010.001,032100510010.001,032100520010.001,032100530010.001,032100540010.001,032100550010.001,032100560010.001,032100570010.001,032100580010.001,032100720010.001,032100730010.001,032100740010.001,032100750010.001,032100760010.001,032100770010.001,032100780010.001,032100790010.001\n",
      "- waiting for remote response, please wait run_analysis https://www.astro.unige.ch/cdci/astrooda/dispatch-data\n",
      "scw_list 032000490010.001,032000500010.001,032000510010.001,032000520010.001,032000530010.001,032000540010.001,032000550010.001,032000560010.001,032100010010.001,032100020010.001,032100030010.001,032100040010.001,032100050010.001,032100060010.001,032100070010.001,032100080010.001,032100090010.001,032100100010.001,032100230010.001,032100240010.001,032100250010.001,032100260010.001,032100270010.001,032100280010.001,032100290010.001,032100300010.001,032100310010.001,032100320010.001,032100330010.001,032100340010.001,032100350010.001,032100470010.001,032100480010.001,032100490010.001,032100500010.001,032100510010.001,032100520010.001,032100530010.001,032100540010.001,032100550010.001,032100560010.001,032100570010.001,032100580010.001,032100720010.001,032100730010.001,032100740010.001,032100750010.001,032100760010.001,032100770010.001,032100780010.001,032100790010.001\n",
      "E1_keV 30.0\n",
      "E2_keV 100.0\n",
      "osa_version OSA10.2\n",
      "RA 194.046527\n",
      "DEC -5.789314\n",
      "time_bin 10000\n",
      "selected_catalog {\"cat_frame\": \"fk5\", \"cat_coord_units\": \"deg\", \"cat_column_list\": [[1, 30, 50, 112, 0], [\"3C 273\", \"IGR J12391-1612\", \"NGC 4593\", \"SWIFT J1238.6+0928\", \"3C 279\"], [12.098819732666016, 4.082015037536621, 13.66150951385498, 4.295688629150391, 0.0], [187.2660675048828, 189.77621459960938, 189.91522216796875, 189.67724609375, 194.046527], [2.045917510986328, -16.179750442504883, -5.358253479003906, 9.474955558776855, -5.789314], [-32768, -32768, -32768, -32768, 0], [2, 2, 2, 1, 2], [0, 0, 0, 0, 0], [0.0002800000074785203, 0.00016999999934341758, 0.0002800000074785203, 0.07566666603088379, 0.0]], \"cat_column_names\": [\"meta_ID\", \"src_names\", \"significance\", \"ra\", \"dec\", \"NEW_SOURCE\", \"ISGRI_FLAG\", \"FLAG\", \"ERR_RAD\"], \"cat_column_descr\": [[\"meta_ID\", \"<i8\"], [\"src_names\", \"<U18\"], [\"significance\", \"<f8\"], [\"ra\", \"<f8\"], [\"dec\", \"<f8\"], [\"NEW_SOURCE\", \"<i8\"], [\"ISGRI_FLAG\", \"<i8\"], [\"FLAG\", \"<i8\"], [\"ERR_RAD\", \"<f8\"]], \"cat_lat_name\": \"dec\", \"cat_lon_name\": \"ra\"}\n",
      "instrument isgri\n",
      "product_type isgri_lc\n",
      "query_type Real\n",
      "off_line (False,)\n",
      "query_status ('new',)\n",
      "verbose (False,)\n",
      "session_id VDPXOYZ92DKKVWBF\n",
      "dry_run (False,)\n",
      "api True\n"
     ]
    },
    {
     "name": "stdout",
     "output_type": "stream",
     "text": [
      "the job has been submitted on the remote server\n",
      " | the job is working remotely, please wait status=done - job_id=-45405517112900795 0795 \n",
      "\n",
      "query done succesfully!\n",
      "6\n",
      "032100800010.001,033400470010.001,033400480010.001,033400490010.001,033400500010.001,033400510010.001,033400520010.001,033400530010.001,033400540010.001,033400550010.001,033400690010.001,033400700010.001,033400710010.001,033400720010.001,033400730010.001,033400740010.001,033400750010.001,033400760010.001,033400770010.001,033400780010.001,033400790010.001,033400800010.001,039700020010.001,039700030010.001,039700040010.001,039700050010.001,039700060010.001,039700070010.001,039700080010.001,039700090010.001,039700100010.001,039700110010.001,039700120010.001,039700130010.001,039700140010.001,039700150010.001,039700160010.001,039700170010.001,039700180010.001,039700190010.001,039700200010.001,039700210010.001,039700220010.001,039700230010.001,039700240010.001,039700250010.001,039700260010.001,039700270010.001,039700280010.001,039700290010.001,039700300010.001\n",
      "- waiting for remote response, please wait run_analysis https://www.astro.unige.ch/cdci/astrooda/dispatch-data\n",
      "scw_list 032100800010.001,033400470010.001,033400480010.001,033400490010.001,033400500010.001,033400510010.001,033400520010.001,033400530010.001,033400540010.001,033400550010.001,033400690010.001,033400700010.001,033400710010.001,033400720010.001,033400730010.001,033400740010.001,033400750010.001,033400760010.001,033400770010.001,033400780010.001,033400790010.001,033400800010.001,039700020010.001,039700030010.001,039700040010.001,039700050010.001,039700060010.001,039700070010.001,039700080010.001,039700090010.001,039700100010.001,039700110010.001,039700120010.001,039700130010.001,039700140010.001,039700150010.001,039700160010.001,039700170010.001,039700180010.001,039700190010.001,039700200010.001,039700210010.001,039700220010.001,039700230010.001,039700240010.001,039700250010.001,039700260010.001,039700270010.001,039700280010.001,039700290010.001,039700300010.001\n",
      "E1_keV 30.0\n",
      "E2_keV 100.0\n",
      "osa_version OSA10.2\n",
      "RA 194.046527\n",
      "DEC -5.789314\n",
      "time_bin 10000\n",
      "selected_catalog {\"cat_frame\": \"fk5\", \"cat_coord_units\": \"deg\", \"cat_column_list\": [[1, 30, 50, 112, 0], [\"3C 273\", \"IGR J12391-1612\", \"NGC 4593\", \"SWIFT J1238.6+0928\", \"3C 279\"], [12.098819732666016, 4.082015037536621, 13.66150951385498, 4.295688629150391, 0.0], [187.2660675048828, 189.77621459960938, 189.91522216796875, 189.67724609375, 194.046527], [2.045917510986328, -16.179750442504883, -5.358253479003906, 9.474955558776855, -5.789314], [-32768, -32768, -32768, -32768, 0], [2, 2, 2, 1, 2], [0, 0, 0, 0, 0], [0.0002800000074785203, 0.00016999999934341758, 0.0002800000074785203, 0.07566666603088379, 0.0]], \"cat_column_names\": [\"meta_ID\", \"src_names\", \"significance\", \"ra\", \"dec\", \"NEW_SOURCE\", \"ISGRI_FLAG\", \"FLAG\", \"ERR_RAD\"], \"cat_column_descr\": [[\"meta_ID\", \"<i8\"], [\"src_names\", \"<U18\"], [\"significance\", \"<f8\"], [\"ra\", \"<f8\"], [\"dec\", \"<f8\"], [\"NEW_SOURCE\", \"<i8\"], [\"ISGRI_FLAG\", \"<i8\"], [\"FLAG\", \"<i8\"], [\"ERR_RAD\", \"<f8\"]], \"cat_lat_name\": \"dec\", \"cat_lon_name\": \"ra\"}\n",
      "instrument isgri\n",
      "product_type isgri_lc\n",
      "query_type Real\n",
      "off_line (False,)\n",
      "query_status ('new',)\n",
      "verbose (False,)\n",
